#JOSM PicLayer plugin calibration data
#Thu Mar 31 15:29:00 CEST 2022
POSITION_X=289667.52387484914
POSITION_Y=6157671.377872199
INITIAL_SCALE=9.93036004127312
M00=0.2568467063602782
M11=0.2568467063602782
M10=-0.07148729249731624
M02=-90.99535108151827
M01=0.07148729249731624
M12=146.51381791426832
