#JOSM PicLayer plugin calibration data
#Sat Apr 09 17:44:18 CEST 2022
POSITION_X=289605.12005793455
POSITION_Y=6157320.021486198
INITIAL_SCALE=19.860999165888245
M00=0.15443312259813113
M11=0.15443312259813113
M10=-0.0831397840705056
M02=61.310060248028975
M01=0.0831397840705056
M12=-201.4852831432032
