#JOSM PicLayer plugin calibration data
#Thu Mar 31 15:28:51 CEST 2022
POSITION_X=290096.7352557257
POSITION_Y=6157347.789923961
INITIAL_SCALE=39.72249818282316
M00=0.08116264125826024
M11=0.08116264125826024
M10=0.046090474773561124
M02=7.921334614968989
M01=-0.046090474773561124
M12=-105.11074811143142
