#JOSM PicLayer plugin calibration data
#Thu Mar 31 15:28:53 CEST 2022
POSITION_X=290077.92487937823
POSITION_Y=6157532.4626800455
INITIAL_SCALE=19.861472637923434
M00=0.3025161314756574
M11=0.3025161314756574
M10=0.0
M02=-106.01824830145696
M01=0.0
M12=-3.1393749134174067
