#JOSM PicLayer plugin calibration data
#Thu Mar 31 15:28:58 CEST 2022
POSITION_X=289767.8474744735
POSITION_Y=6157305.465457498
INITIAL_SCALE=9.930677482096849
M00=0.3572757513454294
M11=0.3572757513454294
M10=-0.0034363855109180905
M02=-140.86245038480317
M01=0.0034363855109180905
M12=-216.15365813346438
