#JOSM PicLayer plugin calibration data
#Thu Mar 31 15:28:55 CEST 2022
POSITION_X=289881.9057033266
POSITION_Y=6157337.637832561
INITIAL_SCALE=19.861546921870534
M00=0.17764024934815312
M11=0.17764024934815312
M10=0.0
M02=35.825864897572636
M01=0.0
M12=-4.9119790621185615
