#JOSM PicLayer plugin calibration data
#Thu Mar 31 15:29:01 CEST 2022
POSITION_X=289553.31605634297
POSITION_Y=6157637.265011796
INITIAL_SCALE=19.860634691201778
M00=0.1316515150808915
M11=0.1316515150808915
M10=-0.031134869254225477
M02=-12.46718440424512
M01=0.031134869254225477
M12=-141.3486492200166
