#JOSM PicLayer plugin calibration data
#Thu Mar 31 15:29:03 CEST 2022
POSITION_X=289681.2585040781
POSITION_Y=6157639.952251071
INITIAL_SCALE=19.86085268161022
M00=0.07500318735984088
M11=0.07500318735984088
M10=-0.16111131677370874
M02=1.2321170247168374
M01=0.16111131677370874
M12=104.67140700325793
