#JOSM PicLayer plugin calibration data
#Thu Jan 20 16:34:29 CET 2022
POSITION_X=281007.8948611914
POSITION_Y=6170927.305730249
INITIAL_SCALE=39.660112802446974
M00=0.07694993051393428
M11=0.07694993051393428
M10=0.06118800724108088
M02=-16.08960586938275
M01=-0.06118800724108088
M12=-1.5199258581083626
