#JOSM PicLayer plugin calibration data
#Thu Jan 20 16:34:31 CET 2022
POSITION_X=280789.1837409498
POSITION_Y=6170876.397176502
INITIAL_SCALE=19.83006611816364
M00=0.15936109674765755
M11=0.15936109674765755
M10=0.1199758170570854
M02=289.14397558688864
M01=-0.1199758170570854
M12=146.91339116685936
