#JOSM PicLayer plugin calibration data
#Wed Feb 02 12:44:43 CET 2022
POSITION_X=296475.71922524564
POSITION_Y=6183806.4220296815
INITIAL_SCALE=9.899746280147504
M00=-0.40626093560129406
M11=-0.40626093560129406
M10=0.09251007236348284
M02=-226.44876088743368
M01=-0.09251007236348284
M12=-1266.6449008266136
