#JOSM PicLayer plugin calibration data
#Wed Feb 02 12:44:41 CET 2022
POSITION_X=296602.9897138708
POSITION_Y=6183899.206579519
INITIAL_SCALE=19.799732956808896
M00=-0.20408419508722778
M11=-0.20408419508722778
M10=0.04378497596611321
M02=3.0898961177581974
M01=-0.04378497596611321
M12=-199.35730359023174
