#JOSM PicLayer plugin calibration data
#Sat Oct 31 20:01:56 CET 2020
POSITION_Y=6184130.943420338
POSITION_X=296612.4325980399
M12=-189.76832261712593
M11=-0.7346980890786963
M10=0.13417850235782433
M02=-276.63019981031204
INITIAL_SCALE=4.949808488113618
M01=-0.13417850235782433
M00=-0.7346980890786963
