#JOSM PicLayer plugin calibration data
#Sat Oct 31 20:01:53 CET 2020
POSITION_Y=6184189.390874584
POSITION_X=296386.03268906625
M12=-138.88515137169944
M11=-0.7390742469100089
M10=0.1531652514668635
M02=520.4600964280048
INITIAL_SCALE=4.9498704083390965
M01=-0.1531652514668635
M00=-0.7390742469100089
