#JOSM PicLayer plugin calibration data
#Sat Jul 16 10:32:15 CEST 2022
POSITION_X=303058.18602861423
POSITION_Y=6172280.778578754
INITIAL_SCALE=39.65229005035876
M00=0.0016959425636071499
M11=0.0016959425636071499
M10=-0.12791930586785816
M02=103.25958082623785
M01=0.12791930586785816
M12=-268.7597373976066
