#JOSM PicLayer plugin calibration data
#Sat Jul 16 10:32:17 CEST 2022
POSITION_X=303075.3548003465
POSITION_Y=6172584.734900461
INITIAL_SCALE=19.826240101777937
M00=-6.679717000889155E-4
M11=-6.679717000889155E-4
M10=-0.2510649688710988
M02=132.12235210610436
M01=0.2510649688710988
M12=-197.31201806366417
