#JOSM PicLayer plugin calibration data
#Sat Jul 16 10:32:09 CEST 2022
POSITION_X=303862.26713915303
POSITION_Y=6172464.108610946
INITIAL_SCALE=79.30489099969955
M00=0.18630106642380798
M11=0.18630106642380798
M10=0.0
M02=0.696056858769063
M01=0.0
M12=0.3396967335982506
