#JOSM PicLayer plugin calibration data
#Sat Jul 16 10:32:11 CEST 2022
POSITION_X=303453.8073664185
POSITION_Y=6172555.772731296
INITIAL_SCALE=39.65251212544513
M00=-0.5404159835261036
M11=-0.5404159835261036
M10=-0.0012161709358263072
M02=-3.2438433031496094
M01=0.0012161709358263072
M12=-1.3598358212427368
