#JOSM PicLayer plugin calibration data
#Sat Jul 16 10:32:13 CEST 2022
POSITION_X=302949.50212902133
POSITION_Y=6172518.151381435
INITIAL_SCALE=39.6528841016831
M00=-0.5852005790454956
M11=-0.5852005790454956
M10=3.760886010138571E-4
M02=312.94996474774365
M01=-3.760886010138571E-4
M12=-17.890726045160243
