#JOSM PicLayer plugin calibration data
#Sat Aug 20 10:17:24 CEST 2022
POSITION_X=282334.79419766157
POSITION_Y=6171720.041017985
INITIAL_SCALE=19.82829223737206
M00=0.21174467010952389
M11=0.21174467010952389
M10=0.0
M02=-6.584828025434105
M01=0.0
M12=24.281552794938406
