#JOSM PicLayer plugin calibration data
#Fri Aug 19 15:47:39 CEST 2022
POSITION_X=282314.3413209524
POSITION_Y=6171581.498904218
INITIAL_SCALE=19.82855387570616
M00=0.20864524451145808
M11=0.20864524451145808
M10=-0.0019924013574285342
M02=-21.21809636555602
M01=0.0019924013574285342
M12=-0.3820662466290888
