#JOSM PicLayer plugin calibration data
#Fri Aug 19 15:47:34 CEST 2022
POSITION_X=282702.34851556015
POSITION_Y=6170964.329915826
INITIAL_SCALE=39.65891355178375
M00=0.08634598187473538
M11=0.08634598187473538
M10=0.0
M02=-13.33782056064802
M01=0.0
M12=-48.435928751318265
