#JOSM PicLayer plugin calibration data
#Fri Aug 19 15:47:32 CEST 2022
POSITION_X=282848.3551828705
POSITION_Y=6170982.2448443305
INITIAL_SCALE=39.65985462974342
M00=0.08373319021818368
M11=0.08373319021818368
M10=0.0
M02=-31.346581328325254
M01=0.0
M12=-18.038235788078406
