#JOSM PicLayer plugin calibration data
#Fri Aug 19 15:47:38 CEST 2022
POSITION_X=282519.6162448158
POSITION_Y=6171204.987122067
INITIAL_SCALE=39.65840831419688
M00=0.07147707807431397
M11=0.07147707807431397
M10=-0.07365657012583571
M02=-71.63559288195329
M01=0.07365657012583571
M12=-1.9297618744882785
