#JOSM PicLayer plugin calibration data
#Fri Aug 19 15:47:35 CEST 2022
POSITION_X=282544.69714472187
POSITION_Y=6171071.52090471
INITIAL_SCALE=39.65921613974689
M00=0.11808227525883774
M11=0.11808227525883774
M10=0.0
M02=-17.374143975817727
M01=0.0
M12=14.204350232978422
