#JOSM PicLayer plugin calibration data
#Fri Aug 19 15:47:30 CEST 2022
POSITION_X=283023.7724897242
POSITION_Y=6170841.91093913
INITIAL_SCALE=19.83004807379185
M00=0.17320488712081375
M11=0.17320488712081375
M10=-0.06654966496413367
M02=-57.01852878492453
M01=0.06654966496413367
M12=-4.695807988978112
