#JOSM PicLayer plugin calibration data
#Fri Aug 19 15:47:36 CEST 2022
POSITION_X=282420.4869737585
POSITION_Y=6171397.572603489
INITIAL_SCALE=39.6583194813221
M00=0.07210154119549603
M11=0.07210154119549603
M10=-0.07480637829879541
M02=-104.08201059699508
M01=0.07480637829879541
M12=122.35987996693893
