#JOSM PicLayer plugin calibration data
#Sun Aug 21 21:44:25 CEST 2022
POSITION_X=282142.4328021373
POSITION_Y=6171583.738120991
INITIAL_SCALE=9.914288042046307
M00=0.41973557930376926
M11=0.41973557930376926
M10=0.0
M02=-18.814684176672365
M01=0.0
M12=2.6238423390718704
