#JOSM PicLayer plugin calibration data
#Thu Aug 25 10:54:07 CEST 2022
POSITION_X=293083.3034270519
POSITION_Y=6180169.617047055
INITIAL_SCALE=19.808443168445947
M00=-0.23741080316123236
M11=-0.23741080316123236
M10=-8.275906422962073E-4
M02=-413.65388745857894
M01=8.275906422962073E-4
M12=-165.70648862832084
