#JOSM PicLayer plugin calibration data
#Thu Aug 25 10:54:10 CEST 2022
POSITION_X=290975.16391672177
POSITION_Y=6179881.186996719
INITIAL_SCALE=39.61679474692607
M00=-0.1207320151752089
M11=-0.1207320151752089
M10=4.296863178643824E-4
M02=3757.915447746038
M01=-4.296863178643824E-4
M12=-488.05885692607853
