#JOSM PicLayer plugin calibration data
#Thu Aug 25 10:54:09 CEST 2022
POSITION_X=292395.8171499514
POSITION_Y=6180373.8481277535
INITIAL_SCALE=79.23305660977623
M00=-0.05916225281604007
M11=-0.05916225281604007
M10=2.555185878469433E-4
M02=308.82866768145044
M01=-2.555185878469433E-4
M12=129.88575368991366
