#JOSM PicLayer plugin calibration data
#Mon Jan 10 19:15:13 CET 2022
POSITION_X=299012.1740714451
POSITION_Y=6180276.136524703
INITIAL_SCALE=39.6160953454138
M00=0.11686257021547124
M11=0.11686257021547124
M10=0.0
M02=-11.844920702842028
M01=0.0
M12=-4.657751371348449
