#JOSM PicLayer plugin calibration data
#Mon Jan 10 19:15:10 CET 2022
POSITION_X=298801.3004338419
POSITION_Y=6180286.064380916
INITIAL_SCALE=39.61633958051812
M00=0.11821576917646624
M11=0.11821576917646624
M10=0.0
M02=34.509485591979214
M01=0.0
M12=12.778214865603388
