#JOSM PicLayer plugin calibration data
#Fri Sep 24 23:27:12 CEST 2021
POSITION_X=280681.8425652482
POSITION_Y=6169872.714202792
INITIAL_SCALE=79.33081916281877
M00=0.0086749833181746
M11=0.0086749833181746
M10=0.04106382064896537
M02=-60.82837523408537
M01=-0.04106382064896537
M12=-52.23238638310334
