#JOSM PicLayer plugin calibration data
#Fri Sep 24 23:27:13 CEST 2021
POSITION_X=280230.3869641031
POSITION_Y=6169694.161484868
INITIAL_SCALE=39.665131971578184
M00=0.05747470698449132
M11=0.05747470698449132
M10=-0.0973371086902139
M02=-13.59347105564747
M01=0.0973371086902139
M12=-77.9507848140054
