#JOSM PicLayer plugin calibration data
#Fri Sep 24 23:27:10 CEST 2021
POSITION_X=280379.0811692713
POSITION_Y=6169875.549837393
INITIAL_SCALE=19.832490337090416
M00=0.03394806645138261
M11=0.03394806645138261
M10=0.1458103300073004
M02=48.17106663791368
M01=-0.1458103300073004
M12=292.76659208147794
