#JOSM PicLayer plugin calibration data
#Fri Sep 24 23:27:07 CEST 2021
POSITION_X=280402.36968058057
POSITION_Y=6169799.262995925
INITIAL_SCALE=79.32995301121866
M00=0.008208957758925365
M11=0.008208957758925365
M10=0.03817560139960127
M02=13.42991717900674
M01=-0.03817560139960127
M12=-85.1700436968905
