#JOSM PicLayer plugin calibration data
#Wed Mar 23 12:55:13 CET 2022
POSITION_X=288402.28160135704
POSITION_Y=6175044.753464831
INITIAL_SCALE=39.64004579458276
M00=-0.08728520424572286
M11=-0.08728520424572286
M10=-2.1756226633553953E-4
M02=-46.63241338797359
M01=2.1756226633553953E-4
M12=-72.48509940833965
