#JOSM PicLayer plugin calibration data
#Wed Mar 23 12:55:15 CET 2022
POSITION_X=287965.0083533623
POSITION_Y=6175244.653910143
INITIAL_SCALE=19.820068003995086
M00=-0.19473909333692294
M11=-0.19473909333692294
M10=0.0025701412857649084
M02=-34.07001327008932
M01=-0.0025701412857649084
M12=20.614537897846837
