#JOSM PicLayer plugin calibration data
#Thu Apr 22 11:25:00 CEST 2021
POSITION_Y=6173501.08379204
POSITION_X=280499.7080559517
M12=14.884390834840698
M11=0.0762542175330358
M10=-0.09162137570428731
M02=-23.52709551870539
INITIAL_SCALE=39.64794576005956
M01=0.09162137570428731
M00=0.0762542175330358
