#JOSM PicLayer plugin calibration data
#Sat May 01 18:41:03 CEST 2021
POSITION_Y=6173536.017902625
POSITION_X=280296.97078171093
M12=37.5976571639838
M11=0.46425700402225106
M10=0.0
M02=41.32455458088158
INITIAL_SCALE=39.64818170931139
M01=0.0
M00=0.46425700402225106
