#JOSM PicLayer plugin calibration data
#Sat May 01 18:41:05 CEST 2021
POSITION_Y=6173427.931167315
POSITION_X=280340.2651922631
M12=-110.43357396539655
M11=0.36418358718796684
M10=0.0
M02=-21.45308572859077
INITIAL_SCALE=39.64787913910605
M01=0.0
M00=0.36418358718796684
