#JOSM PicLayer plugin calibration data
#Sun Dec 19 09:43:46 CET 2021
POSITION_X=280852.3335653454
POSITION_Y=6171330.093039455
INITIAL_SCALE=39.65841664224514
M00=-0.10649861172874713
M11=-0.10649861172874713
M10=-0.518551772387303
M02=42.3359270950155
M01=0.518551772387303
M12=-7.223610983590848
