#JOSM PicLayer plugin calibration data
#Fri Oct 08 19:13:43 CEST 2021
POSITION_X=292601.540842774
POSITION_Y=6180159.166970677
INITIAL_SCALE=39.61783830324999
M00=0.15394216856790144
M11=0.15394216856790144
M10=0.0
M02=-479.28431254184676
M01=0.0
M12=450.15010882300646
