#JOSM PicLayer plugin calibration data
#Fri Oct 08 19:13:40 CEST 2021
POSITION_X=292471.95649184135
POSITION_Y=6180194.996529105
INITIAL_SCALE=19.809066249898947
M00=0.2168025253688939
M11=0.2168025253688939
M10=-0.014784712486291563
M02=-321.69047363998556
M01=0.014784712486291563
M12=361.3413195084639
