#JOSM PicLayer plugin calibration data
#Sun Sep 26 14:09:11 CEST 2021
POSITION_X=281090.6021144531
POSITION_Y=6167586.171564192
INITIAL_SCALE=39.6751679344233
M00=0.057275989188286504
M11=0.057275989188286504
M10=0.08787164628677072
M02=74.17584397484744
M01=-0.08787164628677072
M12=-84.17216170375804
