#JOSM PicLayer plugin calibration data
#Tue Sep 28 17:49:37 CEST 2021
POSITION_X=281836.9084763119
POSITION_Y=6168882.614925041
INITIAL_SCALE=19.834838273148367
M00=0.09231076955201388
M11=0.09231076955201388
M10=0.0
M02=75.00582463343717
M01=0.0
M12=46.185060530938706
