#JOSM PicLayer plugin calibration data
#Tue Sep 28 17:49:35 CEST 2021
POSITION_X=281939.7700241409
POSITION_Y=6168870.970221512
INITIAL_SCALE=19.834775808826123
M00=0.09322433280102241
M11=0.09322433280102241
M10=0.0
M02=-16.552862661152396
M01=0.0
M12=8.18899725361517
