#JOSM PicLayer plugin calibration data
#Fri Oct 01 22:27:00 CEST 2021
POSITION_X=281635.21534382075
POSITION_Y=6168517.748443582
INITIAL_SCALE=79.34431139697016
M00=0.49616114685308144
M11=0.49616114685308144
M10=0.0
M02=-10.061385296539695
M01=0.0
M12=210.96546256263778
