#JOSM PicLayer plugin calibration data
#Wed Mar 10 21:52:18 CET 2021
POSITION_Y=6181403.059874578
POSITION_X=294331.8246527334
M12=47.78981871075269
M11=0.001390723321178071
M10=0.09712659498695435
M02=-31.361149626565698
INITIAL_SCALE=19.805713593643105
M01=-0.09712659498695435
M00=0.001390723321178071
