#JOSM PicLayer plugin calibration data
#Wed Sep 15 14:35:50 CEST 2021
POSITION_Y=6181472.032647904
POSITION_X=294008.75847678963
M12=101.49677316282047
M11=0.5016762258056444
M10=0.0
M02=-15.782691291562202
INITIAL_SCALE=39.611554850845145
M01=0.0
M00=0.5016762258056444
