#JOSM PicLayer plugin calibration data
#Tue Apr 20 11:19:27 CEST 2021
POSITION_Y=6168154.671663482
POSITION_X=282168.03607150045
M12=-289.93121489373203
M11=0.13724503584524947
M10=0.0
M02=193.6114569818311
INITIAL_SCALE=19.836460971910803
M01=0.0
M00=0.13724503584524947
