#JOSM PicLayer plugin calibration data
#Tue Apr 20 11:19:26 CEST 2021
POSITION_Y=6168337.85210602
POSITION_X=282130.86229627166
M12=29.55883226700439
M11=0.04336118902237061
M10=0.0
M02=148.43981360914495
INITIAL_SCALE=39.67218346381725
M01=0.0
M00=0.04336118902237061
