#JOSM PicLayer plugin calibration data
#Tue Apr 20 11:19:29 CEST 2021
POSITION_Y=6168134.965242125
POSITION_X=282103.84091102646
M12=-1.8751733773425443
M11=0.14215065352659004
M10=0.0
M02=-6.818326263551612
INITIAL_SCALE=19.836308972820838
M01=0.0
M00=0.14215065352659004
