#JOSM PicLayer plugin calibration data
#Tue Apr 20 11:19:31 CEST 2021
POSITION_Y=6167954.621927097
POSITION_X=282105.93068743654
M12=-433.0089760957233
M11=0.07137739988579334
M10=0.0
M02=-170.0267870096979
INITIAL_SCALE=39.672744263083125
M01=0.0
M00=0.07137739988579334
