#JOSM PicLayer plugin calibration data
#Tue May 11 15:03:41 CEST 2021
POSITION_Y=6168057.931945302
POSITION_X=281861.9884804715
M12=-46.09461684508029
M11=0.2459121184292185
M10=0.0
M02=26.917930284009543
INITIAL_SCALE=79.34800935260448
M01=0.0
M00=0.2459121184292185
