#JOSM PicLayer plugin calibration data
#Sat Mar 05 18:48:47 CET 2022
POSITION_X=290502.5083863491
POSITION_Y=6174901.135454654
INITIAL_SCALE=39.639934764352645
M00=0.0010074891283182472
M11=0.0010074891283182472
M10=-0.19878198540469955
M02=84.12116245511854
M01=0.19878198540469955
M12=-155.59967685189167
