#JOSM PicLayer plugin calibration data
#Sat Mar 05 18:48:50 CET 2022
POSITION_X=290288.125811416
POSITION_Y=6175263.913354032
INITIAL_SCALE=79.28086324369923
M00=-2.947150200458866E-6
M11=-2.947150200458866E-6
M10=-0.0953373618335766
M02=188.08489471541094
M01=0.0953373618335766
M12=-93.35163543965682
