#JOSM PicLayer plugin calibration data
#Sat Apr 23 16:07:55 CEST 2022
POSITION_X=294306.14628996176
POSITION_Y=6181579.52221893
INITIAL_SCALE=39.60982027817765
M00=0.34034021671369824
M11=0.34034021671369824
M10=0.0
M02=-137.4806839944069
M01=0.0
M12=32.71419819979145
