#JOSM PicLayer plugin calibration data
#Fri Mar 19 17:11:37 CET 2021
POSITION_Y=6179629.482251232
POSITION_X=292919.53082372586
M12=-0.2828592888245848
M11=0.10516882454696573
M10=0.0
M02=-22.299917013764105
INITIAL_SCALE=39.61921491845511
M01=0.0
M00=0.10516882454696573
