#JOSM PicLayer plugin calibration data
#Fri Mar 19 17:11:39 CET 2021
POSITION_Y=6179352.696605841
POSITION_X=293436.97367535956
M12=-496.37387983848197
M11=0.10731139442598688
M10=0.0
M02=-1200.1350328200165
INITIAL_SCALE=39.619647888221365
M01=0.0
M00=0.10731139442598688
