#JOSM PicLayer plugin calibration data
#Fri Mar 18 21:27:56 CET 2022
POSITION_X=288968.2443496054
POSITION_Y=6175137.61221233
INITIAL_SCALE=19.820303249635945
M00=-0.1523607671818423
M11=-0.1523607671818423
M10=0.001363839551074859
M02=-38.75753467947956
M01=-0.001363839551074859
M12=-22.22148948651908
