#JOSM PicLayer plugin calibration data
#Fri Mar 18 21:27:54 CET 2022
POSITION_X=289051.1008939379
POSITION_Y=6174973.541325443
INITIAL_SCALE=19.820571805118398
M00=-0.1625246903807176
M11=-0.1625246903807176
M10=0.0019144381394850423
M02=-308.20849475623857
M01=-0.0019144381394850423
M12=34.44361878525449
