#JOSM PicLayer plugin calibration data
#Wed Jun 29 10:16:26 CEST 2022
POSITION_X=303618.027544375
POSITION_Y=6166744.767088772
INITIAL_SCALE=39.68022082003392
M00=-0.11922777019638113
M11=-0.11922777019638113
M10=-3.737547655058637E-4
M02=655.8678369705283
M01=3.737547655058637E-4
M12=240.19588948866317
