#JOSM PicLayer plugin calibration data
#Wed Jun 29 10:16:32 CEST 2022
POSITION_X=303966.02532915375
POSITION_Y=6165779.152143803
INITIAL_SCALE=19.841766516667786
M00=-0.0027900450961857092
M11=-0.0027900450961857092
M10=-0.18578091327040155
M02=28.963026514402756
M01=0.18578091327040155
M12=-102.39633328741014
