#JOSM PicLayer plugin calibration data
#Wed Jun 29 10:16:33 CEST 2022
POSITION_X=304149.80233881203
POSITION_Y=6165826.925585065
INITIAL_SCALE=39.68339698851716
M00=0.0950022825264155
M11=0.0950022825264155
M10=0.0
M02=40.94544341343178
M01=0.0
M12=-17.411545471714785
