#JOSM PicLayer plugin calibration data
#Wed Jun 29 10:16:28 CEST 2022
POSITION_X=304225.04503853025
POSITION_Y=6166478.133236199
INITIAL_SCALE=39.68052344218509
M00=-0.12249048519056237
M11=-0.12249048519056237
M10=-9.148047209781146E-4
M02=-33.08821819520988
M01=9.148047209781146E-4
M12=-206.71728991159299
