#JOSM PicLayer plugin calibration data
#Wed Jun 29 10:16:29 CEST 2022
POSITION_X=304502.5774378588
POSITION_Y=6165889.627536247
INITIAL_SCALE=19.841646437604172
M00=0.1437943178286131
M11=0.1437943178286131
M10=-0.08497520458415353
M02=-133.55887824252514
M01=0.08497520458415353
M12=121.71709261542168
