#JOSM PicLayer plugin calibration data
#Wed Jun 29 10:16:31 CEST 2022
POSITION_X=304373.14178083284
POSITION_Y=6165930.235006108
INITIAL_SCALE=39.683399764911485
M00=0.07152072574875133
M11=0.07152072574875133
M10=-0.04391298978129236
M02=-45.847499799975054
M01=0.04391298978129236
M12=10.955561583976955
