#JOSM PicLayer plugin calibration data
#Fri Oct 30 23:24:36 CET 2020
POSITION_Y=6181531.898068739
POSITION_X=293671.51024627767
M12=-101.04460382958241
M11=0.2269410881372922
M10=0.0
M02=-139.79116990419848
INITIAL_SCALE=19.805270929978658
M01=0.0
M00=0.2269410881372922
