#JOSM PicLayer plugin calibration data
#Fri Oct 30 23:24:40 CET 2020
POSITION_Y=6181567.877515402
POSITION_X=293813.4857560925
M12=14.543440482721484
M11=0.09773902532761743
M10=0.0
M02=23.52321019281715
INITIAL_SCALE=39.61051132999037
M01=0.0
M00=0.09773902532761743
