#JOSM PicLayer plugin calibration data
#Wed Mar 30 12:59:32 CEST 2022
POSITION_X=290457.7213636702
POSITION_Y=6157314.199134434
INITIAL_SCALE=19.86157260882335
M00=0.14822567527694067
M11=0.14822567527694067
M10=0.0
M02=-22.725051874066178
M01=0.0
M12=-7.428569331911706
