#JOSM PicLayer plugin calibration data
#Wed Mar 30 12:59:30 CEST 2022
POSITION_X=290328.1367141555
POSITION_Y=6157431.541916138
INITIAL_SCALE=19.861288663908724
M00=0.14868314830452356
M11=0.14868314830452356
M10=0.0020466159095520356
M02=6.381072811261005
M01=-0.0020466159095520356
M12=15.237355443103638
