#JOSM PicLayer plugin calibration data
#Wed Mar 30 12:59:28 CEST 2022
POSITION_X=290448.76389941806
POSITION_Y=6157425.271691162
INITIAL_SCALE=19.861483745799728
M00=0.14981512233326472
M11=0.14981512233326472
M10=0.0
M02=10.64943625084712
M01=0.0
M12=-8.413471356829417
