#JOSM PicLayer plugin calibration data
#Wed Mar 30 12:59:34 CEST 2022
POSITION_X=290288.7235728638
POSITION_Y=6157326.8891740395
INITIAL_SCALE=39.72295638220791
M00=0.0751779238529794
M11=0.0751779238529794
M10=6.610842905176634E-4
M02=66.05197467080153
M01=-6.610842905176634E-4
M12=18.323168301213535
