#JOSM PicLayer plugin calibration data
#Mon Aug 22 16:34:52 CEST 2022
POSITION_X=287812.8804535644
POSITION_Y=6173356.868617581
INITIAL_SCALE=39.648986715022666
M00=0.11545834678604441
M11=0.11545834678604441
M10=0.0
M02=-1.2201756547641378
M01=0.0
M12=8.721721092148858
