#JOSM PicLayer plugin calibration data
#Mon Aug 22 16:34:53 CEST 2022
POSITION_X=287609.24773148046
POSITION_Y=6173370.603097518
INITIAL_SCALE=19.824517647239027
M00=0.22755502998736668
M11=0.22755502998736668
M10=0.0
M02=16.40470451948082
M01=0.0
M12=75.74295465930471
