#JOSM PicLayer plugin calibration data
#Mon Aug 22 16:34:50 CEST 2022
POSITION_X=287995.31444074895
POSITION_Y=6173348.80660117
INITIAL_SCALE=19.824591902314197
M00=0.22827205474691548
M11=0.22827205474691548
M10=0.0
M02=0.7694127592213422
M01=0.0
M12=-1.5457710905334254
