#JOSM PicLayer plugin calibration data
#Fri Jan 21 17:15:44 CET 2022
POSITION_X=275531.30121741525
POSITION_Y=6191072.344251237
INITIAL_SCALE=39.56735749187522
M00=-0.17359609097339596
M11=-0.17359609097339596
M10=-5.715993380462883E-4
M02=631.0372028112477
M01=5.715993380462883E-4
M12=122.90461751175128
