#JOSM PicLayer plugin calibration data
#Fri Jan 21 17:15:46 CET 2022
POSITION_X=275890.943705722
POSITION_Y=6190849.153801705
INITIAL_SCALE=19.783750887851607
M00=4.8483348742713874E-4
M11=4.8483348742713874E-4
M10=0.37675938942062975
M02=619.5650086349312
M01=-0.37675938942062975
M12=18.923582543420007
