#JOSM PicLayer plugin calibration data
#Fri Jan 21 17:15:43 CET 2022
POSITION_X=275522.79102921137
POSITION_Y=6190818.699318994
INITIAL_SCALE=79.13603016931884
M00=-0.06527079640971281
M11=-0.06527079640971281
M10=-1.7414775901041456E-4
M02=115.1959278747996
M01=1.7414775901041456E-4
M12=2.8625062981462226
