#JOSM PicLayer plugin calibration data
#Mon Jan 24 18:54:37 CET 2022
POSITION_X=276293.8803059988
POSITION_Y=6190743.157141387
INITIAL_SCALE=19.783808462190105
M00=0.004962146659334823
M11=0.004962146659334823
M10=0.34577937447730434
M02=-120.1935053884999
M01=-0.34577937447730434
M12=-17.667499884474626
