#JOSM PicLayer plugin calibration data
#Wed Mar 30 12:09:40 CEST 2022
POSITION_X=295292.7367796758
POSITION_Y=6181099.924205889
INITIAL_SCALE=9.903165900075368
M00=0.33112058375842984
M11=0.33112058375842984
M10=0.0
M02=-118.31806108374887
M01=0.0
M12=9.542633361302643
