#JOSM PicLayer plugin calibration data
#Thu Sep 01 18:50:31 CEST 2022
POSITION_X=294397.21384319203
POSITION_Y=6179939.410514357
INITIAL_SCALE=39.618909619845766
M00=0.08639013262424738
M11=0.08639013262424738
M10=-0.08623062605099677
M02=-19.390788244290217
M01=0.08623062605099677
M12=56.71577541314564
