#JOSM PicLayer plugin calibration data
#Thu Sep 01 18:50:30 CEST 2022
POSITION_X=294436.0295216181
POSITION_Y=6179703.232040242
INITIAL_SCALE=39.618307350394595
M00=0.0889947816986796
M11=0.0889947816986796
M10=-0.08654889785668866
M02=152.2987144474699
M01=0.08654889785668866
M12=-101.50690269806394
