#JOSM PicLayer plugin calibration data
#Thu Sep 01 18:50:33 CEST 2022
POSITION_X=294815.52742376836
POSITION_Y=6179746.227868653
INITIAL_SCALE=39.619192714902915
M00=0.08851066962160176
M11=0.08851066962160176
M10=-0.09042009157923472
M02=-64.85105694054253
M01=0.09042009157923472
M12=166.58298263747955
