#JOSM PicLayer plugin calibration data
#Thu Sep 01 18:50:34 CEST 2022
POSITION_X=294644.43985655194
POSITION_Y=6179785.939293504
INITIAL_SCALE=39.61906226905479
M00=0.08744724043758288
M11=0.08744724043758288
M10=-0.08660637306791504
M02=-17.484911814571543
M01=0.08660637306791504
M12=-9.713942504843626
