#JOSM PicLayer plugin calibration data
#Thu Sep 01 18:50:28 CEST 2022
POSITION_X=294244.9369509052
POSITION_Y=6179709.50226522
INITIAL_SCALE=39.61882358123761
M00=0.07305019062348284
M11=0.07305019062348284
M10=-0.06600616285293034
M02=-26.719196415937407
M01=0.06600616285293034
M12=-30.498947061977656
