#JOSM PicLayer plugin calibration data
#Fri Sep 02 11:53:28 CEST 2022
POSITION_X=294519.9311034468
POSITION_Y=6179752.7966757715
INITIAL_SCALE=39.618598770803715
M00=0.6366787686605262
M11=0.6366787686605262
M10=0.0
M02=-4.974425694906982
M01=0.0
M12=-9.710268191796636
