#JOSM PicLayer plugin calibration data
#Fri Mar 18 10:45:20 CET 2022
POSITION_X=297423.3441482986
POSITION_Y=6170293.564835827
INITIAL_SCALE=19.831567974505653
M00=0.2556558128183366
M11=0.2556558128183366
M10=0.0
M02=11.687894881387233
M01=0.0
M12=-13.937675163652425
