#JOSM PicLayer plugin calibration data
#Fri Mar 18 10:45:22 CET 2022
POSITION_X=297272.2615845787
POSITION_Y=6170228.175346785
INITIAL_SCALE=19.831620720358035
M00=0.1972946679303796
M11=0.1972946679303796
M10=0.0
M02=-3.622461482117038
M01=0.0
M12=-2.518483357299565
