#JOSM PicLayer plugin calibration data
#Fri Mar 18 10:45:19 CET 2022
POSITION_X=297983.185365477
POSITION_Y=6170191.897915146
INITIAL_SCALE=39.66330251340635
M00=0.1396888322956595
M11=0.1396888322956595
M10=0.0
M02=-299.3904957100574
M01=0.0
M12=-90.76349802119913
