#JOSM PicLayer plugin calibration data
#Fri Mar 18 10:45:15 CET 2022
POSITION_X=298260.8667572943
POSITION_Y=6170020.511765789
INITIAL_SCALE=39.663891047350184
M00=0.11023339867146201
M11=0.11023339867146201
M10=0.0
M02=-31.687866853886717
M01=0.0
M12=-13.007473435010551
