#JOSM PicLayer plugin calibration data
#Fri Mar 18 10:45:24 CET 2022
POSITION_X=297113.4158851736
POSITION_Y=6170228.473928927
INITIAL_SCALE=19.831598511541646
M00=0.19828840234653458
M11=0.19828840234653458
M10=0.0
M02=-6.884235238689477
M01=0.0
M12=-7.638005268427436
