#JOSM PicLayer plugin calibration data
#Fri Mar 18 10:45:17 CET 2022
POSITION_X=297989.1573068941
POSITION_Y=6170150.245407793
INITIAL_SCALE=19.83167832438195
M00=0.17707349031629574
M11=0.17707349031629574
M10=-0.0077776282893993335
M02=-0.003888814144811983
M01=0.0077776282893993335
M12=-0.4114632548382342
