#JOSM PicLayer plugin calibration data
#Thu Jan 13 10:57:17 CET 2022
POSITION_X=278985.5983137755
POSITION_Y=6169981.546497709
INITIAL_SCALE=19.831986472015522
M00=-0.0015761573324850067
M11=-0.0015761573324850067
M10=0.1952683806356519
M02=343.05866432081666
M01=-0.1952683806356519
M12=54.110481944893905
