#JOSM PicLayer plugin calibration data
#Thu Jan 13 10:57:14 CET 2022
POSITION_X=279068.60414917895
POSITION_Y=6169955.271269238
INITIAL_SCALE=19.832277269854803
M00=-0.0019853621957151768
M11=-0.0019853621957151768
M10=0.19412954027657542
M02=62.653979570970215
M01=-0.19412954027657542
M12=-546.6487644172814
