#JOSM PicLayer plugin calibration data
#Wed Mar 23 13:21:49 CET 2022
POSITION_X=292897.1371630955
POSITION_Y=6174532.386509607
INITIAL_SCALE=39.64281601854884
M00=0.12342825191386753
M11=0.12342825191386753
M10=0.0
M02=-0.4391624613002531
M01=0.0
M12=-1.315734234839519
