#JOSM PicLayer plugin calibration data
#Wed Mar 23 13:21:48 CET 2022
POSITION_X=292914.60451696935
POSITION_Y=6174620.915816049
INITIAL_SCALE=19.821545411989792
M00=0.22615919872088494
M11=0.22615919872088494
M10=0.0
M02=-0.386920400170978
M01=0.0
M12=-0.38692039661374505
