#JOSM PicLayer plugin calibration data
#Wed Mar 23 13:21:54 CET 2022
POSITION_X=292707.53750309127
POSITION_Y=6174635.397348505
INITIAL_SCALE=39.6428715344789
M00=0.1233624456235316
M11=0.1233624456235316
M10=0.0
M02=42.224447798666965
M01=0.0
M12=-28.332909221142454
