#JOSM PicLayer plugin calibration data
#Wed Mar 23 13:21:51 CET 2022
POSITION_X=292566.0095679069
POSITION_Y=6174559.258902364
INITIAL_SCALE=39.64307694353061
M00=0.09564406048423281
M11=0.09564406048423281
M10=0.0
M02=-66.42788152122318
M01=0.0
M12=-21.9317518347453
