#JOSM PicLayer plugin calibration data
#Fri Jan 21 11:47:30 CET 2022
POSITION_X=278849.4439613961
POSITION_Y=6169954.525709629
INITIAL_SCALE=79.32707695786382
M00=1.9445824813614293E-4
M11=1.9445824813614293E-4
M10=-0.03354256232992394
M02=215.40188055564752
M01=0.03354256232992394
M12=-178.28531284086898
