#JOSM PicLayer plugin calibration data
#Fri Jan 21 11:47:28 CET 2022
POSITION_X=279120.5574418415
POSITION_Y=6170061.566511696
INITIAL_SCALE=19.831952464685767
M00=-1.740095233996915E-4
M11=-1.740095233996915E-4
M10=-0.13311728540075066
M02=-42.91341350342789
M01=0.13311728540075066
M12=4.2221858026160035
