#JOSM PicLayer plugin calibration data
#Mon Mar 22 19:59:08 CET 2021
POSITION_Y=6175277.498244317
POSITION_X=290685.2406570932
M12=-125.56396093562864
M11=0.13508530726981283
M10=0.0
M02=-13.42951314331528
INITIAL_SCALE=39.63964331055057
M01=0.0
M00=0.13508530726981283
