#JOSM PicLayer plugin calibration data
#Mon Mar 22 19:59:05 CET 2021
POSITION_Y=6175244.803499796
POSITION_X=290514.3023809476
M12=-112.55519745012712
M11=1.0061128809526286E-4
M10=-0.057459636164288605
M02=-9.048394679695862
INITIAL_SCALE=39.63933797841519
M01=0.057459636164288605
M00=1.0061128809526286E-4
