#JOSM PicLayer plugin calibration data
#Mon Mar 22 19:59:07 CET 2021
POSITION_Y=6175323.330603073
POSITION_X=291721.9178532109
M12=-67.12644182172684
M11=0.1333797509389928
M10=0.0
M02=-1382.8907300818462
INITIAL_SCALE=39.63960722578484
M01=0.0
M00=0.1333797509389928
