#JOSM PicLayer plugin calibration data
#Thu May 13 18:26:04 CEST 2021
POSITION_Y=6175330.199783826
POSITION_X=290235.57416014146
M12=-43.300747479898035
M11=0.2533764862444387
M10=0.0
M02=-20.92153184341389
INITIAL_SCALE=158.55837335000476
M01=0.0
M00=0.2533764862444387
