#JOSM PicLayer plugin calibration data
#Tue Aug 23 19:56:21 CEST 2022
POSITION_X=285411.9817504234
POSITION_Y=6172316.010972897
INITIAL_SCALE=19.82683762462378
M00=0.1976305180319615
M11=0.1976305180319615
M10=0.0015643377176434623
M02=-7.664107409259697
M01=-0.0015643377176434623
M12=-0.5408454875081631
