#JOSM PicLayer plugin calibration data
#Tue Aug 23 19:56:23 CEST 2022
POSITION_X=285248.65702031
POSITION_Y=6172316.011271479
INITIAL_SCALE=39.65376130248619
M00=0.0990419587284014
M11=0.0990419587284014
M10=0.0
M02=-0.002702874147309107
M01=0.0
M12=-0.0027028734958878357
