#JOSM PicLayer plugin calibration data
#Tue Aug 23 19:56:24 CEST 2022
POSITION_X=285082.0481852197
POSITION_Y=6172321.982914314
INITIAL_SCALE=39.65376130248619
M00=0.10223379054439427
M11=0.10223379054439427
M10=0.0
M02=6.616049469413557
M01=0.0
M12=11.384043292513885
