#JOSM PicLayer plugin calibration data
#Tue Aug 23 19:56:19 CEST 2022
POSITION_X=285400.934211179
POSITION_Y=6172493.667347231
INITIAL_SCALE=19.826491324624612
M00=-0.17844196874055535
M11=-0.17844196874055535
M10=6.865235461437533E-4
M02=3.116565420865855
M01=-6.865235461437533E-4
M12=22.628975212763915
