#JOSM PicLayer plugin calibration data
#Mon Oct 04 15:52:32 CEST 2021
POSITION_X=280102.4989591099
POSITION_Y=6171039.056590898
INITIAL_SCALE=141.3834181607461
M00=-0.02639960466031631
M11=-0.02639960466031631
M10=-0.012262740310331813
M02=634.0254867502232
M01=0.012262740310331813
M12=140.3214750636818
