#JOSM PicLayer plugin calibration data
#Fri Oct 29 17:59:19 CEST 2021
POSITION_X=280549.5706764579
POSITION_Y=6169975.426459553
INITIAL_SCALE=79.32357908476861
M00=0.8006471049429105
M11=0.8006471049429105
M10=0.0
M02=14.050221539846481
M01=0.0
M12=-26.058697681949997
