#JOSM PicLayer plugin calibration data
#Sun Jul 17 11:28:00 CEST 2022
POSITION_X=299826.3329264318
POSITION_Y=6177209.77257458
INITIAL_SCALE=39.63066120319688
M00=0.09902574780974314
M11=0.09902574780974314
M10=0.0
M02=-0.9036771785967677
M01=0.0
M12=-1.8046514137113905
