#JOSM PicLayer plugin calibration data
#Sun Jul 17 11:28:03 CEST 2022
POSITION_X=299982.3423940725
POSITION_Y=6177238.734743745
INITIAL_SCALE=19.815425667143465
M00=0.20140016454553433
M11=0.20140016454553433
M10=0.0
M02=1887.1034878639443
M01=0.0
M12=115.49026153669752
