#JOSM PicLayer plugin calibration data
#Sun Jul 17 11:28:02 CEST 2022
POSITION_X=299643.003491404
POSITION_Y=6177194.246303209
INITIAL_SCALE=39.63114416087234
M00=0.1004393418171838
M11=0.1004393418171838
M10=0.0
M02=36.57971775465884
M01=0.0
M12=-27.653029130436288
