#JOSM PicLayer plugin calibration data
#Sat Mar 19 21:29:30 CET 2022
POSITION_X=282333.00240622903
POSITION_Y=6167986.868798406
INITIAL_SCALE=39.67489863609916
M00=0.1399718120153913
M11=0.1399718120153913
M10=0.0
M02=-26.877702817176797
M01=0.0
M12=28.88091340589358
