#JOSM PicLayer plugin calibration data
#Sat Mar 19 19:17:42 CET 2022
POSITION_X=282267.61291718815
POSITION_Y=6167717.249124414
INITIAL_SCALE=39.675006910650204
M00=0.14709016562209448
M11=0.14709016562209448
M10=0.0
M02=6.009199703660332
M01=0.0
M12=0.8352614549803239
