#JOSM PicLayer plugin calibration data
#Sat Mar 19 19:17:44 CET 2022
POSITION_X=282032.62907022174
POSITION_Y=6167715.905206194
INITIAL_SCALE=19.837583273884075
M00=0.2997768730476219
M11=0.2997768730476219
M10=0.0
M02=-1.402546937976878
M01=0.0
M12=-1.0524353745006887
