#JOSM PicLayer plugin calibration data
#Sun Jul 17 20:42:33 CEST 2022
POSITION_X=281695.08210827684
POSITION_Y=6168949.497175498
INITIAL_SCALE=9.917308436151883
M00=0.2702880446103743
M11=0.2702880446103743
M10=-0.008000785446109429
M02=-722.2119818425003
M01=0.008000785446109429
M12=26.888236467789802
