#JOSM PicLayer plugin calibration data
#Sun Jul 17 20:42:32 CEST 2022
POSITION_X=281463.97938127985
POSITION_Y=6168943.376390884
INITIAL_SCALE=19.83457245307404
M00=0.1382756609766009
M11=0.1382756609766009
M10=0.0
M02=41.56730952755925
M01=0.0
M12=-1.89865114599054
