#JOSM PicLayer plugin calibration data
#Sun Jul 17 20:42:30 CEST 2022
POSITION_X=281803.61656750785
POSITION_Y=6169255.842602213
INITIAL_SCALE=19.83458216968989
M00=0.22613996868625616
M11=0.22613996868625616
M10=0.0
M02=-732.8293777244622
M01=0.0
M12=222.66773364497405
