#JOSM PicLayer plugin calibration data
#Fri Sep 02 13:00:27 CEST 2022
POSITION_X=294510.8243481237
POSITION_Y=6181229.28536667
INITIAL_SCALE=39.61213489562067
M00=0.05909228447270491
M11=0.05909228447270491
M10=0.0
M02=-13.293148288420916
M01=0.0
M12=-28.357724109754674
