#JOSM PicLayer plugin calibration data
#Fri Sep 02 13:00:26 CEST 2022
POSITION_X=294698.48352278885
POSITION_Y=6181238.9889876945
INITIAL_SCALE=19.80611324159094
M00=0.12146774167962185
M11=0.12146774167962185
M10=0.0
M02=-33.097475276287064
M01=0.0
M12=-6.14394621563787
