#JOSM PicLayer plugin calibration data
#Fri Sep 02 13:00:23 CEST 2022
POSITION_X=294844.1916079574
POSITION_Y=6181251.230855506
INITIAL_SCALE=19.80604455199847
M00=0.1169140988644235
M11=0.1169140988644235
M10=0.0
M02=10.523171377846506
M01=0.0
M12=0.08968627287273988
