#JOSM PicLayer plugin calibration data
#Fri Sep 02 13:00:21 CEST 2022
POSITION_X=294542.17577158846
POSITION_Y=6181422.318422722
INITIAL_SCALE=19.806017492430342
M00=-0.11886230646408609
M11=-0.11886230646408609
M10=6.798293136691004E-5
M02=837.7090673811612
M01=-6.798293136691004E-5
M12=203.62298123121823
