#JOSM PicLayer plugin calibration data
#Fri Sep 02 13:00:24 CEST 2022
POSITION_X=294789.40178494836
POSITION_Y=6181240.1833162615
INITIAL_SCALE=19.80602651227457
M00=0.12061652921982859
M11=0.12061652921982859
M10=0.0
M02=-11.933002569803218
M01=0.0
M12=1.1811581884983828
