#JOSM PicLayer plugin calibration data
#Sun Sep 04 11:15:44 CEST 2022
POSITION_X=294804.4801831061
POSITION_Y=6181586.090727464
INITIAL_SCALE=19.806001534279346
M00=-0.11759938936555729
M11=-0.11759938936555729
M10=0.0012015743242180816
M02=-357.7225270063335
M01=-0.0012015743242180816
M12=763.476878983587
