#JOSM PicLayer plugin calibration data
#Fri Sep 02 13:00:29 CEST 2022
POSITION_X=294598.6077963771
POSITION_Y=6181253.022348355
INITIAL_SCALE=19.806086875870157
M00=0.12001791299925091
M11=0.12001791299925091
M10=0.0
M02=-2.41396091436294
M01=0.0
M12=5.243957080192588
