#JOSM PicLayer plugin calibration data
#Mon Jul 18 17:54:05 CEST 2022
POSITION_X=280164.1020272192
POSITION_Y=6172651.6173002105
INITIAL_SCALE=19.826020108843235
M00=0.20292468583687182
M11=0.20292468583687182
M10=-0.004053262306187607
M02=1.1857484760687376
M01=0.004053262306187607
M12=9.208652779074336
