#JOSM PicLayer plugin calibration data
#Mon Jul 18 17:54:06 CEST 2022
POSITION_X=279978.3836364754
POSITION_Y=6172649.826105941
INITIAL_SCALE=39.6515461008451
M00=0.10174803210725915
M11=0.10174803210725915
M10=0.0
M02=34.58082763451646
M01=0.0
M12=-0.05091563967142886
