#JOSM PicLayer plugin calibration data
#Mon Jul 18 17:54:03 CEST 2022
POSITION_X=280005.2563278141
POSITION_Y=6172764.182767645
INITIAL_SCALE=19.8258938040174
M00=0.2542330747078696
M11=0.2542330747078696
M10=0.0
M02=-38.48824820988602
M01=0.0
M12=-106.90978356236023
