#JOSM PicLayer plugin calibration data
#Tue Jan 18 15:39:56 CET 2022
POSITION_X=284672.99065103725
POSITION_Y=6172489.786077971
INITIAL_SCALE=39.65293962063046
M00=0.11705731273080937
M11=0.11705731273080937
M10=0.0
M02=-11.355832328699632
M01=0.0
M12=-4.2973706002650065
