#JOSM PicLayer plugin calibration data
#Tue Jan 18 15:39:53 CET 2022
POSITION_X=284850.6473239541
POSITION_Y=6172492.622309734
INITIAL_SCALE=19.826404576328034
M00=0.22597491248817228
M11=0.22597491248817228
M10=0.0
M02=-2.838102032614424
M01=0.0
M12=1.7877978535700767
