#JOSM PicLayer plugin calibration data
#Fri Aug 19 14:43:06 CEST 2022
POSITION_X=282188.48894820944
POSITION_Y=6172151.940086011
INITIAL_SCALE=19.827519124513515
M00=-7.55508561016161E-5
M11=-7.55508561016161E-5
M10=-0.1479285762469883
M02=1.1569750067742426
M01=0.1479285762469883
M12=226.4986185827565
