#JOSM PicLayer plugin calibration data
#Fri Aug 19 14:43:07 CEST 2022
POSITION_X=281807.1974631338
POSITION_Y=6171815.887975558
INITIAL_SCALE=158.62366179571723
M00=0.02138523725586808
M11=0.02138523725586808
M10=0.0
M02=92.58067492160883
M01=0.0
M12=-75.75073886526697
