#JOSM PicLayer plugin calibration data
#Mon Mar 22 12:56:53 CET 2021
POSITION_Y=6171288.440532099
POSITION_X=281578.0377594241
M12=19.718768693090468
M11=0.12820250140588804
M10=0.0
M02=-336.6930094283104
INITIAL_SCALE=19.82926592442671
M01=0.0
M00=0.12820250140588804
