#JOSM PicLayer plugin calibration data
#Wed Mar 31 23:00:14 CEST 2021
POSITION_Y=6171254.999332227
POSITION_X=281576.8434308572
M12=0.36208318740292705
M11=0.12962032280210598
M10=0.0
M02=3.4652119841120452
INITIAL_SCALE=19.829122265046543
M01=0.0
M00=0.12962032280210598
