#JOSM PicLayer plugin calibration data
#Mon Mar 22 12:56:55 CET 2021
POSITION_Y=6171356.965432213
POSITION_X=281372.76223839645
M12=124.80180944796574
M11=0.06590291256561907
M10=0.0
M02=6.327363886098563
INITIAL_SCALE=39.65838055389645
M01=0.0
M00=0.06590291256561907
