#JOSM PicLayer plugin calibration data
#Mon Mar 22 12:56:50 CET 2021
POSITION_Y=6171339.050205124
POSITION_X=281786.00022114534
M12=38.30729699149512
M11=0.15896651443997736
M10=-0.06182829422350836
M02=-88.87178168471405
INITIAL_SCALE=19.829201381779473
M01=0.06182829422350836
M00=0.15896651443997736
