#JOSM PicLayer plugin calibration data
#Mon Mar 22 12:56:48 CET 2021
POSITION_Y=6171111.679904192
POSITION_X=281784.5073104367
M12=-174.59360130473806
M11=0.1420495817953744
M10=-0.05069889933637814
M02=-213.88730862768148
INITIAL_SCALE=19.829361697435957
M01=0.05069889933637814
M00=0.1420495817953744
