#JOSM PicLayer plugin calibration data
#Sat Apr 10 11:28:22 CEST 2021
POSITION_Y=6171330.093039455
POSITION_X=281098.66383228014
M12=8.75054061320103
M11=0.8966673001962224
M10=0.0
M02=89.51647454715584
INITIAL_SCALE=39.6580946233785
M01=0.0
M00=0.8966673001962224
