#JOSM PicLayer plugin calibration data
#Thu May 19 16:42:07 CEST 2022
POSITION_X=293313.8088404744
POSITION_Y=6179724.729655864
INITIAL_SCALE=19.80965325480862
M00=0.20131493902949538
M11=0.20131493902949538
M10=-0.0058329087919661215
M02=9.371625208003142
M01=0.0058329087919661215
M12=-12.684464284342965
