#JOSM PicLayer plugin calibration data
#Thu May 19 16:42:09 CEST 2022
POSITION_X=293149.2900803762
POSITION_Y=6179731.895627267
INITIAL_SCALE=19.809742762971144
M00=0.2077363695473201
M11=0.2077363695473201
M10=0.0
M02=-0.3985086084992338
M01=0.0
M12=0.7898868348863006
