#JOSM PicLayer plugin calibration data
#Thu May 19 16:42:10 CEST 2022
POSITION_X=292992.08628416853
POSITION_Y=6179670.6865867935
INITIAL_SCALE=39.619250999200275
M00=0.10025912105864387
M11=0.10025912105864387
M10=0.0
M02=35.087834592500414
M01=0.0
M12=1.5498590602801476
