#JOSM PicLayer plugin calibration data
#Tue Jul 19 17:18:20 CEST 2022
POSITION_X=282260.1483636447
POSITION_Y=6168570.298303363
INITIAL_SCALE=39.67118124745974
M00=0.08693578588763362
M11=0.08693578588763362
M10=-0.0680857776254869
M02=0.966194688847841
M01=0.0680857776254869
M12=71.32248493647188
