#JOSM PicLayer plugin calibration data
#Tue Jul 19 17:18:17 CEST 2022
POSITION_X=282010.533693151
POSITION_Y=6168587.018903301
INITIAL_SCALE=39.67077036806576
M00=0.12569380900283417
M11=0.12569380900283417
M10=-0.0903459713521726
M02=1230.5868312619245
M01=0.0903459713521726
M12=-492.61840032473384
