#JOSM PicLayer plugin calibration data
#Tue Jul 19 17:18:19 CEST 2022
POSITION_X=282421.9798844674
POSITION_Y=6168626.431746009
INITIAL_SCALE=39.6713755826196
M00=0.13647716848341612
M11=0.13647716848341612
M10=-0.09938341728212524
M02=91.50308972129034
M01=0.09938341728212524
M12=-78.98595579502049
