#JOSM PicLayer plugin calibration data
#Mon May 16 18:00:38 CEST 2022
POSITION_X=291953.020729499
POSITION_Y=6180108.109125858
INITIAL_SCALE=19.808670058402136
M00=0.1480436738148184
M11=0.1480436738148184
M10=0.0
M02=-0.8545121987069831
M01=0.0
M12=-0.8545122040024848
