#JOSM PicLayer plugin calibration data
#Mon May 16 18:00:39 CEST 2022
POSITION_X=291821.0474228504
POSITION_Y=6180108.109125857
INITIAL_SCALE=19.808668670694097
M00=0.14483822915999092
M11=0.14483822915999092
M10=0.0
M02=39.12728178541471
M01=0.0
M12=1.2205216014693692
