#JOSM PicLayer plugin calibration data
#Wed May 18 11:37:10 CEST 2022
POSITION_X=291528.1383418044
POSITION_Y=6180236.200864663
INITIAL_SCALE=19.808619407071998
M00=1.8192419119576957
M11=1.8192419119576957
M10=0.0
M02=1128.6223656503535
M01=0.0
M12=-591.1903460551039
