#JOSM PicLayer plugin calibration data
#Tue Dec 28 16:56:42 CET 2021
POSITION_X=271604.79616531276
POSITION_Y=6156121.065791792
INITIAL_SCALE=79.46376352891593
M00=0.028203761570443294
M11=0.028203761570443294
M10=-0.02383210198755602
M02=-278.0525224477222
M01=0.02383210198755602
M12=285.22769417922535
