#JOSM PicLayer plugin calibration data
#Tue Dec 28 16:56:37 CET 2021
POSITION_X=271610.1715396104
POSITION_Y=6156168.838038723
INITIAL_SCALE=19.86516052318881
M00=-0.15760306019078266
M11=-0.15760306019078266
M10=-0.17407737019527622
M02=-210.9075570430096
M01=0.17407737019527622
M12=305.2400522670909
