#JOSM PicLayer plugin calibration data
#Tue Dec 28 16:56:43 CET 2021
POSITION_X=270670.6449106967
POSITION_Y=6166467.720482587
INITIAL_SCALE=2535.7885232347244
M00=-7.580037942674036E-4
M11=-7.580037942674036E-4
M10=-5.496984934604727E-4
M02=11.489423531405114
M01=5.496984934604727E-4
M12=283.97812767297074
