#JOSM PicLayer plugin calibration data
#Tue Dec 28 16:56:40 CET 2021
POSITION_X=271450.57938485086
POSITION_Y=6155830.544472133
INITIAL_SCALE=19.86499389885575
M00=-0.1675398006776341
M11=-0.1675398006776341
M10=-0.18522011164153798
M02=-99.03056478656391
M01=0.18522011164153798
M12=-360.11379436889627
