#JOSM PicLayer plugin calibration data
#Sun Apr 11 11:01:41 CEST 2021
POSITION_Y=6172516.359888586
POSITION_X=283419.8414021589
M12=299.62103615166876
M11=0.06391914968106946
M10=0.05520142933284876
M02=106.0014216797547
INITIAL_SCALE=39.65310895342126
M01=-0.05520142933284876
M00=0.06391914968106946
