#JOSM PicLayer plugin calibration data
#Sun Apr 11 11:01:39 CEST 2021
POSITION_Y=6172476.797754806
POSITION_X=283551.9639998783
M12=72.6406394723744
M11=0.0636114993498338
M10=0.05748173776602721
M02=64.00400344237843
INITIAL_SCALE=39.65320333569886
M01=-0.05748173776602721
M00=0.0636114993498338
