#JOSM PicLayer plugin calibration data
#Sun Apr 11 11:01:45 CEST 2021
POSITION_Y=6172333.627617842
POSITION_X=283694.5369725586
M12=113.50439791270878
M11=0.07856433366919502
M10=0.06934362049011278
M02=-51.169191094296814
INITIAL_SCALE=39.65325885470785
M01=-0.06934362049011278
M00=0.07856433366919502
