#JOSM PicLayer plugin calibration data
#Sun Apr 11 11:01:43 CEST 2021
POSITION_Y=6172383.7894176515
POSITION_X=283793.9648257578
M12=6.3293470875664655
M11=0.07723156071799286
M10=0.06876461691484936
M02=1.4236183837317828
INITIAL_SCALE=39.65369190357454
M01=-0.06876461691484936
M00=0.07723156071799286
