#JOSM PicLayer plugin calibration data
#Wed May 12 14:59:12 CEST 2021
POSITION_Y=6172209.716029019
POSITION_X=284008.04822138464
M12=-0.9348331885145632
M11=0.3780218393446826
M10=0.0
M02=-0.3128550278592458
INITIAL_SCALE=39.65469680276194
M01=0.0
M00=0.3780218393446826
