#JOSM PicLayer plugin calibration data
#Tue Jan 25 12:03:44 CET 2022
POSITION_X=282255.66963151854
POSITION_Y=6167307.295843807
INITIAL_SCALE=39.677680478802
M00=0.10432730027338365
M11=0.10432730027338365
M10=0.0
M02=133.79502780611605
M01=0.0
M12=46.74685699658972
