#JOSM PicLayer plugin calibration data
#Wed Jan 26 15:32:09 CET 2022
POSITION_X=282554.55035539926
POSITION_Y=6167214.884670937
INITIAL_SCALE=39.6774250584357
M00=0.11406751882739964
M11=0.11406751882739964
M10=0.0
M02=-21.775702803661893
M01=0.0
M12=-9.68493559278414
