#JOSM PicLayer plugin calibration data
#Tue Jan 25 12:03:48 CET 2022
POSITION_X=282365.2492775368
POSITION_Y=6167035.287512683
INITIAL_SCALE=39.677713794564475
M00=0.12699201696262147
M11=0.12699201696262147
M10=0.0
M02=-22.520126886211298
M01=0.0
M12=-2.909656923620193
