#JOSM PicLayer plugin calibration data
#Tue Jan 25 12:03:46 CET 2022
POSITION_X=282193.7141356899
POSITION_Y=6166988.5591089185
INITIAL_SCALE=19.838957539302793
M00=0.25109028069745154
M11=0.25109028069745154
M10=0.0
M02=1213.7879682932546
M01=0.0
M12=-163.71643019742191
