#JOSM PicLayer plugin calibration data
#Tue Jan 25 12:03:34 CET 2022
POSITION_X=282003.5170128201
POSITION_Y=6167391.794589919
INITIAL_SCALE=39.67779708394706
M00=0.05329262910039597
M11=0.05329262910039597
M10=0.0
M02=161.31826247052544
M01=0.0
M12=98.50699005929509
