#JOSM PicLayer plugin calibration data
#Tue Jan 25 12:03:38 CET 2022
POSITION_X=282210.4347356273
POSITION_Y=6167101.423158497
INITIAL_SCALE=19.838743763366242
M00=0.18560228514076663
M11=0.18560228514076663
M10=0.0
M02=-0.40964206063623304
M01=0.0
M12=-1.2240397825201708
