#JOSM PicLayer plugin calibration data
#Tue Jan 25 12:03:40 CET 2022
POSITION_X=282728.4747515444
POSITION_Y=6167103.214651347
INITIAL_SCALE=19.83863895780748
M00=0.24301795448409652
M11=0.24301795448409652
M10=0.0
M02=-13.827531582441251
M01=0.0
M12=4.2318588299076945
