#JOSM PicLayer plugin calibration data
#Tue Jan 25 12:03:32 CET 2022
POSITION_X=282050.24541658437
POSITION_Y=6167423.891871574
INITIAL_SCALE=19.838588290261086
M00=0.08373326346009836
M11=0.08373326346009836
M10=0.0
M02=45.2562846538568
M01=0.0
M12=42.11076946090331
