#JOSM PicLayer plugin calibration data
#Tue Jan 25 12:03:36 CET 2022
POSITION_X=281991.72301822127
POSITION_Y=6167136.805440873
INITIAL_SCALE=39.677933123264275
M00=0.09595622177870199
M11=0.09595622177870199
M10=0.0
M02=149.19129722625567
M01=0.0
M12=-25.3366167061716
