#JOSM PicLayer plugin calibration data
#Sun May 08 09:53:54 CEST 2022
POSITION_X=291827.61593138654
POSITION_Y=6179655.160315422
INITIAL_SCALE=39.61918438857155
M00=-0.09088683954223499
M11=-0.09088683954223499
M10=0.008042353181193188
M02=184.87453324292537
M01=-0.008042353181193188
M12=-67.98567547135941
