#JOSM PicLayer plugin calibration data
#Sun May 08 09:53:49 CEST 2022
POSITION_X=291843.7393670403
POSITION_Y=6179194.448070721
INITIAL_SCALE=39.620164122764805
M00=-0.0957861428390884
M11=-0.0957861428390884
M10=0.002030167401387053
M02=-25.315495621708916
M01=-0.002030167401387053
M12=-473.33356206328114
