#JOSM PicLayer plugin calibration data
#Sun May 08 09:53:51 CEST 2022
POSITION_X=291792.0846565195
POSITION_Y=6179392.109448551
INITIAL_SCALE=39.62010028723263
M00=-0.09404722744753527
M11=-0.09404722744753527
M10=1.7337458688440632E-4
M02=319.41345109935634
M01=-1.7337458688440632E-4
M12=-138.42158867614884
