#JOSM PicLayer plugin calibration data
#Sun May 08 09:53:53 CEST 2022
POSITION_X=291558.8923024036
POSITION_Y=6179619.330159832
INITIAL_SCALE=19.809536686168403
M00=-0.18252255644031518
M11=-0.18252255644031518
M10=0.014957261423213838
M02=767.6323509501525
M01=-0.014957261423213838
M12=-297.1102770204396
