#JOSM PicLayer plugin calibration data
#Fri Nov 18 20:26:42 CET 2022
POSITION_X=291829.4452695234
POSITION_Y=6179609.10349754
INITIAL_SCALE=4.952431440896732
M00=0.22871825259930456
M11=0.22871825259930456
M10=2.79259596458455
M02=291.0242083605751
M01=-2.79259596458455
M12=-1289.555071491104
