#JOSM PicLayer plugin calibration data
#Sun May 08 23:49:10 CEST 2022
POSITION_X=291480.66378126794
POSITION_Y=6179436.597889086
INITIAL_SCALE=19.810269405770594
M00=0.5336900663461351
M11=0.5336900663461351
M10=0.0
M02=238.75021641933427
M01=0.0
M12=-48.49669915378389
