#JOSM PicLayer plugin calibration data
#Sat Jul 16 14:57:56 CEST 2022
POSITION_X=299816.47911859007
POSITION_Y=6171233.054440555
INITIAL_SCALE=79.31645018687634
M00=-2.590997152332535E-4
M11=-2.590997152332535E-4
M10=-0.1076197552437814
M02=113.25618110228055
M01=0.1076197552437814
M12=35.10298873150202
