#JOSM PicLayer plugin calibration data
#Sat Jul 16 14:57:57 CEST 2022
POSITION_X=299472.5130884711
POSITION_Y=6171088.540086789
INITIAL_SCALE=39.65833336145089
M00=3.5720801705754225E-4
M11=3.5720801705754225E-4
M10=-0.19876074663416823
M02=125.622224870109
M01=0.19876074663416823
M12=-442.32428439019793
