#JOSM PicLayer plugin calibration data
#Sun Mar 21 15:48:52 CET 2021
POSITION_Y=6169732.977760459
POSITION_X=282125.18863841443
M12=-72.10109298848502
M11=0.05042999469487126
M10=0.0
M02=33.961209002010804
INITIAL_SCALE=79.3300973696531
M01=0.0
M00=0.05042999469487126
