#JOSM PicLayer plugin calibration data
#Sun Oct 10 22:50:09 CEST 2021
POSITION_X=282325.6497357961
POSITION_Y=6169814.4992217375
INITIAL_SCALE=17.808034813847364
M00=-0.004211348196270333
M11=-0.004211348196270333
M10=-0.25132632533114846
M02=-0.9711009420373213
M01=0.25132632533114846
M12=-2.2118209189318057
