#JOSM PicLayer plugin calibration data
#Sun Oct 10 22:50:11 CEST 2021
POSITION_X=282165.98671542155
POSITION_Y=6169802.228978359
INITIAL_SCALE=23.89517714132746
M00=-0.010706169812428551
M11=-0.010706169812428551
M10=-0.21481793397463242
M02=-3.424908824412894
M01=0.21481793397463242
M12=6.030835746188084
