#JOSM PicLayer plugin calibration data
#Sun Oct 03 16:37:27 CEST 2021
POSITION_X=281882.14337220317
POSITION_Y=6169621.008860143
INITIAL_SCALE=39.66559003294613
M00=-0.07620289404817421
M11=-0.07620289404817421
M10=0.12197465425872968
M02=89.00770125162487
M01=-0.12197465425872968
M12=-101.72843626898845
