#JOSM PicLayer plugin calibration data
#Sun Mar 21 15:48:50 CET 2021
POSITION_Y=6169818.520648319
POSITION_X=282318.0735977242
M12=-0.6721794515736557
M11=0.20208495885661484
M10=0.0
M02=0.6512515302546624
INITIAL_SCALE=19.83255974021348
M01=0.0
M00=0.20208495885661484
