#JOSM PicLayer plugin calibration data
#Thu Oct 21 23:51:22 CEST 2021
POSITION_X=281963.0591326144
POSITION_Y=6169392.29493957
INITIAL_SCALE=39.66704195609692
M00=0.9938768803280792
M11=0.9938768803280792
M10=0.0
M02=3.086053622687583
M01=0.0
M12=-1.4603736651864352
