#JOSM PicLayer plugin calibration data
#Mon Mar 22 11:14:38 CET 2021
POSITION_Y=6156157.940089132
POSITION_X=289190.83703768963
M12=270.40222062442854
M11=0.011739190509484571
M10=0.11088807066719446
M02=-360.01286573433214
INITIAL_SCALE=39.729787847266444
M01=-0.11088807066719446
M00=0.011739190509484571
