#JOSM PicLayer plugin calibration data
#Sun Mar 21 16:57:12 CET 2021
POSITION_Y=6155859.357648808
POSITION_X=288719.52542553685
M12=-65.59569109745213
M11=0.019235559821786898
M10=0.1962027101822266
M02=142.6455193876085
INITIAL_SCALE=19.864991815987214
M01=-0.1962027101822266
M00=0.019235559821786898
