#JOSM PicLayer plugin calibration data
#Mon Mar 22 11:14:37 CET 2021
POSITION_Y=6156081.204478704
POSITION_X=288810.1448069725
M12=11.73994456238033
M11=0.010183834608751626
M10=0.11274959745403512
M02=149.05380297650402
INITIAL_SCALE=39.72946015354774
M01=-0.11274959745403512
M00=0.010183834608751626
