#JOSM PicLayer plugin calibration data
#Sun Mar 21 16:57:11 CET 2021
POSITION_Y=6155939.825536009
POSITION_X=288522.75979413086
M12=136.60556348487307
M11=0.01991431036228945
M10=0.1963389222024402
M02=72.18118630176298
INITIAL_SCALE=19.865008478443393
M01=-0.1963389222024402
M00=0.01991431036228945
