#JOSM PicLayer plugin calibration data
#Mon Mar 22 11:14:33 CET 2021
POSITION_Y=6156125.09605354
POSITION_X=288550.975507943
M12=238.4142060499094
M11=0.009019901213350836
M10=0.12581475003744036
M02=101.70023274058288
INITIAL_SCALE=39.7294879241775
M01=-0.12581475003744036
M00=0.009019901213350836
