#JOSM PicLayer plugin calibration data
#Mon Mar 22 11:14:35 CET 2021
POSITION_Y=6156042.6873824205
POSITION_X=288761.4759178689
M12=24.290096053589572
M11=0.008868739169647727
M10=0.1152936092054211
M02=18.762634009604582
INITIAL_SCALE=39.72968787286264
M01=-0.1152936092054211
M00=0.008868739169647727
