#JOSM PicLayer plugin calibration data
#Thu Apr 29 13:31:57 CEST 2021
POSITION_Y=6155906.533925787
POSITION_X=289077.07724168705
M12=45.118477259626154
M11=0.6600484787367283
M10=0.0
M02=-211.48477595597734
INITIAL_SCALE=39.73033770738011
M01=0.0
M00=0.6600484787367283
