#JOSM PicLayer plugin calibration data
#Wed Nov 11 12:32:17 CET 2020
POSITION_Y=6169920.188166167
POSITION_X=280914.4386508271
M12=575.0973597415633
M11=0.12184227992844258
M10=0.0
M02=-150.26763626797006
INITIAL_SCALE=39.666339590312866
M01=0.0
M00=0.12184227992844258
