#JOSM PicLayer plugin calibration data
#Wed Nov 11 12:32:11 CET 2020
POSITION_Y=6170137.854547491
POSITION_X=281218.6938532591
M12=27.150067041684736
M11=0.10641543457188193
M10=-0.10116184901734246
M02=-13.638390586561725
INITIAL_SCALE=39.66416032997085
M01=0.10116184901734246
M00=0.10641543457188193
