#JOSM PicLayer plugin calibration data
#Wed Nov 11 12:32:13 CET 2020
POSITION_Y=6169824.64188081
POSITION_X=281070.5971109567
M12=6.537140516579151
M11=0.1287239143753935
M10=-0.03782148005912057
M02=17.720019486845047
INITIAL_SCALE=39.66535961405826
M01=0.03782148005912057
M00=0.1287239143753935
