#JOSM PicLayer plugin calibration data
#Wed Nov 11 12:32:15 CET 2020
POSITION_Y=6169603.84008841
POSITION_X=280992.21959733224
M12=-4.889027570139994
M11=0.24865105519214326
M10=0.0
M02=-3.3863297436421864
INITIAL_SCALE=19.83314203442935
M01=0.0
M00=0.24865105519214326
