#JOSM PicLayer plugin calibration data
#Sun Apr 11 10:27:10 CEST 2021
POSITION_Y=6169346.46228223
POSITION_X=279858.50320514943
M12=11.878491967543006
M11=0.001549865310645862
M10=-0.15787491641624846
M02=-12.591497178708382
INITIAL_SCALE=19.83352930721957
M01=0.15787491641624846
M00=0.001549865310645862
