#JOSM PicLayer plugin calibration data
#Sun Apr 11 10:27:11 CEST 2021
POSITION_Y=6169475.897640674
POSITION_X=279779.2296465177
M12=5.800960225173689
M11=-0.001512573740876709
M10=-0.15726318158820904
M02=251.65851956132107
INITIAL_SCALE=19.83350293372267
M01=0.15726318158820904
M00=-0.001512573740876709
