#JOSM PicLayer plugin calibration data
#Thu Apr 15 19:06:03 CEST 2021
POSITION_Y=6169275.25074001
POSITION_X=279656.5120876808
M12=-80.9172160814363
M11=0.7198146866920269
M10=0.0
M02=76.4725965685718
INITIAL_SCALE=39.66691980531644
M01=0.0
M00=0.7198146866920269
