#JOSM PicLayer plugin calibration data
#Sat Nov 14 14:36:19 CET 2020
POSITION_Y=6175311.536309892
POSITION_X=289648.71305062843
M12=125.87764598624072
M11=0.025562896695526537
M10=0.3151348835054593
M02=77.940563445708
INITIAL_SCALE=19.819913255743625
M01=-0.3151348835054593
M00=0.025562896695526537
