#JOSM PicLayer plugin calibration data
#Tue Nov 17 15:12:03 CET 2020
POSITION_Y=6175274.960296112
POSITION_X=290030.1514381179
M12=91.41256642722131
M11=0.023349125082950253
M10=0.09597847918570718
M02=-79.89487380677676
INITIAL_SCALE=39.64033447328652
M01=-0.09597847918570718
M00=0.023349125082950253
