#JOSM PicLayer plugin calibration data
#Sat Nov 14 14:36:21 CET 2020
POSITION_Y=6175074.4629850965
POSITION_X=289462.69548057875
M12=-182.9056329920695
M11=0.004473171318280641
M10=0.03820295137722312
M02=-36.379822491385795
INITIAL_SCALE=79.28079662544907
M01=-0.03820295137722312
M00=0.004473171318280641
