#JOSM PicLayer plugin calibration data
#Sun May 15 15:23:41 CEST 2022
POSITION_X=296097.041976112
POSITION_Y=6183985.795699203
INITIAL_SCALE=39.5992716518835
M00=0.0683697332449164
M11=0.0683697332449164
M10=0.0
M02=-179.83884786672576
M01=0.0
M12=-19.36868873847083
