#JOSM PicLayer plugin calibration data
#Mon May 09 16:55:44 CEST 2022
POSITION_X=295507.9388132967
POSITION_Y=6184090.598628119
INITIAL_SCALE=79.19843229196562
M00=0.10470262132847664
M11=0.10470262132847664
M10=0.0
M02=35.58203018944377
M01=0.0
M12=-14.856915779913242
