#JOSM PicLayer plugin calibration data
#Wed Dec 22 00:03:05 CET 2021
POSITION_X=285290.010945523
POSITION_Y=6172088.043507678
INITIAL_SCALE=19.827342156168246
M00=-0.18695678235701488
M11=-0.18695678235701488
M10=-0.001297465910973958
M02=-10.048354742191608
M01=0.001297465910973958
M12=-10.902304501902897
