#JOSM PicLayer plugin calibration data
#Wed Dec 22 00:03:08 CET 2021
POSITION_X=285157.7390567326
POSITION_Y=6172081.176118418
INITIAL_SCALE=19.827306762499823
M00=-0.18324121071365965
M11=-0.18324121071365965
M10=-0.0010802352302339544
M02=-52.273278490711434
M01=0.0010802352302339544
M12=-29.335822773384173
