#JOSM PicLayer plugin calibration data
#Wed Sep 07 20:47:34 CEST 2022
POSITION_X=295408.5118558441
POSITION_Y=6181450.086561902
INITIAL_SCALE=19.806055653315795
M00=0.05284518470277695
M11=0.05284518470277695
M10=-0.05310643565379759
M02=-7.55666569326161
M01=0.05310643565379759
M12=-21.666329937952476
