#JOSM PicLayer plugin calibration data
#Wed Sep 07 20:47:36 CEST 2022
POSITION_X=295460.5026205655
POSITION_Y=6181432.432743482
INITIAL_SCALE=9.902947342128414
M00=0.10499356986919023
M11=0.10499356986919023
M10=-0.10730144188356598
M02=-77.50291502775728
M01=0.10730144188356598
M12=123.65021208207723
