#JOSM PicLayer plugin calibration data
#Sat Apr 23 15:04:22 CEST 2022
POSITION_X=293921.572789984
POSITION_Y=6181621.920584474
INITIAL_SCALE=19.805060700172252
M00=0.6205336443094552
M11=0.6205336443094552
M10=0.27228091967533447
M02=51.833437636876084
M01=-0.27228091967533447
M12=15.494422581079306
