#JOSM PicLayer plugin calibration data
#Wed Apr 20 18:50:55 CEST 2022
POSITION_X=293896.4915914958
POSITION_Y=6181615.949240222
INITIAL_SCALE=39.61028097909896
M00=0.13733730626559318
M11=0.13733730626559318
M10=0.0
M02=1.8279951074270675
M01=0.0
M12=9.75208060139739
