#JOSM PicLayer plugin calibration data
#Sat Apr 23 16:08:01 CEST 2022
POSITION_X=293909.4799146615
POSITION_Y=6181860.935887518
INITIAL_SCALE=39.61035591248995
M00=0.5001360162535794
M11=0.5001360162535794
M10=0.0
M02=48.177814697127936
M01=0.0
M12=74.5175378966528
