#JOSM PicLayer plugin calibration data
#Sat Apr 23 16:07:58 CEST 2022
POSITION_X=294324.35980060784
POSITION_Y=6181386.7874464365
INITIAL_SCALE=39.61134392600095
M00=0.02347654517828357
M11=0.02347654517828357
M10=0.18669661834358406
M02=-36.001567985569174
M01=-0.18669661834358406
M12=37.66585450844623
