#JOSM PicLayer plugin calibration data
#Sat Apr 23 15:04:25 CEST 2022
POSITION_X=294129.2363709813
POSITION_Y=6181611.918381307
INITIAL_SCALE=39.61034481127772
M00=0.13244217102701175
M11=0.13244217102701175
M10=0.0
M02=-22.871416319843348
M01=0.0
M12=1.8792984505609334
