#JOSM PicLayer plugin calibration data
#Tue Mar 22 22:42:20 CET 2022
POSITION_X=291183.87283379724
POSITION_Y=6174967.7192722615
INITIAL_SCALE=39.641239372986504
M00=7.807282510694199E-4
M11=7.807282510694199E-4
M10=-0.1253262092533435
M02=-18.274377533709284
M01=0.1253262092533435
M12=116.75978628113278
