#JOSM PicLayer plugin calibration data
#Tue Mar 22 22:42:18 CET 2022
POSITION_X=290850.05829791527
POSITION_Y=6174932.038407741
INITIAL_SCALE=19.82063426002524
M00=9.138835566235358E-4
M11=9.138835566235358E-4
M10=-0.10505687494401858
M02=179.4320393094804
M01=0.10505687494401858
M12=-82.26662456839311
