#JOSM PicLayer plugin calibration data
#Thu Jul 21 11:36:19 CEST 2022
POSITION_X=283436.26371853665
POSITION_Y=6172960.052652625
INITIAL_SCALE=19.825571796795828
M00=1.9511715261747204
M11=1.9511715261747204
M10=-0.6125493940431199
M02=-22.921754403257005
M01=0.6125493940431199
M12=-34.32668063377518
