#JOSM PicLayer plugin calibration data
#Fri May 20 10:55:38 CEST 2022
POSITION_X=292696.4899638468
POSITION_Y=6179738.464732966
INITIAL_SCALE=39.619420301406045
M00=-7.324197333556116E-4
M11=-7.324197333556116E-4
M10=-0.11459425479065534
M02=-166.39479949768713
M01=0.11459425479065534
M12=5.049482700058447
