#JOSM PicLayer plugin calibration data
#Fri Mar 19 17:11:43 CET 2021
POSITION_Y=6180071.085836028
POSITION_X=292695.8922023991
M12=127.16309618816663
M11=-8.498708872003766E-6
M10=-0.07970939051053656
M02=-89.44598590059655
INITIAL_SCALE=79.23738626529436
M01=0.07970939051053656
M00=-8.498708872003766E-6
