#JOSM PicLayer plugin calibration data
#Fri May 20 10:55:36 CEST 2022
POSITION_X=292702.3123156108
POSITION_Y=6179642.470574398
INITIAL_SCALE=39.61932038533148
M00=0.10232026616668687
M11=0.10232026616668687
M10=0.0
M02=66.10525684718654
M01=0.0
M12=20.812425957534174
