#JOSM PicLayer plugin calibration data
#Fri May 20 10:55:40 CEST 2022
POSITION_X=292521.5208287878
POSITION_Y=6179925.974317981
INITIAL_SCALE=39.619109451540346
M00=5.474139227858707E-4
M11=5.474139227858707E-4
M10=-0.11502021338271784
M02=125.71366983272988
M01=0.11502021338271784
M12=-0.18506817221392668
