#JOSM PicLayer plugin calibration data
#Fri Mar 19 17:11:41 CET 2021
POSITION_Y=6179662.923451108
POSITION_X=292597.95785707305
M12=-83.27539141285047
M11=-6.523827185864137E-5
M10=-0.15402755985820749
M02=-5.655686610498307
INITIAL_SCALE=39.6186792584679
M01=0.15402755985820749
M00=-6.523827185864137E-5
