#JOSM PicLayer plugin calibration data
#Fri May 20 10:55:34 CEST 2022
POSITION_X=292915.35067374154
POSITION_Y=6179630.377997657
INITIAL_SCALE=39.61958127738442
M00=0.10075364996501414
M11=0.10075364996501414
M10=0.0
M02=-13.916879577386624
M01=0.0
M12=-0.21920581137305117
