#JOSM PicLayer plugin calibration data
#Sat May 15 23:09:51 CEST 2021
POSITION_Y=6180043.019114707
POSITION_X=292673.19995962706
M12=44.557749544647486
M11=0.4815469562611136
M10=0.0
M02=2.425385416477841
INITIAL_SCALE=79.23499939763188
M01=0.0
M00=0.4815469562611136
