#JOSM PicLayer plugin calibration data
#Sat May 15 19:13:08 CEST 2021
POSITION_Y=6205297.394647966
POSITION_X=315688.8077884562
M12=42807.43425021723
M11=0.0907470539054658
M10=0.22305891946466477
M02=-38039.43918449744
INITIAL_SCALE=39.61887631457336
M01=-0.22305891946466477
M00=0.0907470539054658
