#JOSM PicLayer plugin calibration data
#Sat May 15 19:13:09 CEST 2021
POSITION_Y=6179599.922320619
POSITION_X=292747.3985175955
M12=-332.69447183988916
M11=0.7111237292297319
M10=-0.17542015342276834
M02=219.78908138865367
INITIAL_SCALE=19.809513788774158
M01=0.17542015342276834
M00=0.7111237292297319
