#JOSM PicLayer plugin calibration data
#Tue Mar 22 12:35:38 CET 2022
POSITION_X=289214.7236090287
POSITION_Y=6175060.5783183435
INITIAL_SCALE=39.64110058440438
M00=-0.12213555692064797
M11=-0.12213555692064797
M10=0.001760944997609176
M02=20.948869757203212
M01=-0.001760944997609176
M12=36.31586670655702
