#JOSM PicLayer plugin calibration data
#Tue Mar 22 12:35:40 CET 2022
POSITION_X=289289.3691444635
POSITION_Y=6175073.715932578
INITIAL_SCALE=39.64079247408776
M00=-0.12130442872596707
M11=-0.12130442872596707
M10=-7.110052291300023E-4
M02=223.23285795183895
M01=7.110052291300023E-4
M12=60.85135705242396
