#JOSM PicLayer plugin calibration data
#Thu Mar 17 10:02:04 CET 2022
POSITION_X=297553.0782381753
POSITION_Y=6150911.478183228
INITIAL_SCALE=9.938496834857343
M00=-0.33813370564184825
M11=-0.33813370564184825
M10=-0.0012518272824460705
M02=-1032.25109618073
M01=0.0012518272824460705
M12=678.6286627865439
