#JOSM PicLayer plugin calibration data
#Thu Mar 17 10:02:06 CET 2022
POSITION_X=297764.69840577827
POSITION_Y=6150933.834446444
INITIAL_SCALE=4.969232056740013
M00=-0.6829178646945765
M11=-0.6829178646945765
M10=0.0064860289121898085
M02=-3028.0769884042497
M01=-0.0064860289121898085
M12=1683.856105856849
