#JOSM PicLayer plugin calibration data
#Thu Mar 17 10:02:02 CET 2022
POSITION_X=297384.52846987254
POSITION_Y=6150924.839883361
INITIAL_SCALE=19.876850632637208
M00=-0.17198293373817625
M11=-0.17198293373817625
M10=3.2491842723111E-4
M02=-410.7761888550731
M01=-3.2491842723111E-4
M12=388.9838712932301
