#JOSM PicLayer plugin calibration data
#Mon Apr 11 09:24:09 CEST 2022
POSITION_X=293889.32562009414
POSITION_Y=6182456.159387074
INITIAL_SCALE=39.609523320963774
M00=0.06985399266239341
M11=0.06985399266239341
M10=0.07866440354726065
M02=-558.7732660777126
M01=-0.07866440354726065
M12=1425.9752641341006
