#JOSM PicLayer plugin calibration data
#Mon Apr 11 09:24:06 CEST 2022
POSITION_X=293687.33480120765
POSITION_Y=6181777.183596761
INITIAL_SCALE=39.61036146311272
M00=0.07001774303289449
M11=0.07001774303289449
M10=0.07918686194383573
M02=-35.0924246479094
M01=-0.07918686194383573
M12=64.976641711732
