#JOSM PicLayer plugin calibration data
#Mon Apr 11 09:24:08 CEST 2022
POSITION_X=293509.825926451
POSITION_Y=6181596.841774643
INITIAL_SCALE=158.43807104333257
M00=0.026627107991897464
M11=0.026627107991897464
M10=0.028148727664376677
M02=-84.0366189866157
M01=-0.028148727664376677
M12=-77.36681988395922
