#JOSM PicLayer plugin calibration data
#Mon Apr 11 09:24:04 CEST 2022
POSITION_X=293365.3139613422
POSITION_Y=6181631.774093734
INITIAL_SCALE=39.609820278210435
M00=0.10722335105210498
M11=0.10722335105210498
M10=0.11308351644691314
M02=0.05654175892874467
M01=-0.11308351644691314
M12=-0.4463883351268334
