#JOSM PicLayer plugin calibration data
#Wed Sep 07 16:24:41 CEST 2022
POSITION_X=295184.72454061074
POSITION_Y=6181311.395157065
INITIAL_SCALE=19.805786445983987
M00=0.15094811327722762
M11=0.15094811327722762
M10=0.0
M02=0.8295648381808123
M01=0.0
M12=-0.8529359896284434
