#JOSM PicLayer plugin calibration data
#Wed Sep 07 16:24:42 CEST 2022
POSITION_X=295063.05231785215
POSITION_Y=6181315.873889191
INITIAL_SCALE=19.805760080323616
M00=0.15218603428796854
M11=0.15218603428796854
M10=0.0014976055500397242
M02=0.7587941395580206
M01=-0.0014976055500397242
M12=5.580441131776057
