#JOSM PicLayer plugin calibration data
#Wed Sep 07 16:24:40 CEST 2022
POSITION_X=295162.1817382005
POSITION_Y=6181273.475075774
INITIAL_SCALE=9.902909181350081
M00=1.0880990942566748
M11=1.0880990942566748
M10=0.0
M02=23.61083149502998
M01=0.0
M12=39.644993012581395
